PARAM	mean_Log(Liso)	"mean_Log(Epk,z)"	mean_Log(Eiso)	"mean_Log(T90,z)"	Log(sigma_Liso)	"Log(sigma_Epk,z)"	Log(sigma_Eiso)	"Log(sigma_T90,z)"	"rho_Liso-Epk,z"	rho_Liso-Eiso	"rho_Liso-T90,z"	"rho_Eiso-Epk,z"	"rho_Epk,z-T90,z"	"rho_Eiso-T90,z"	mean_LogThresh	Log(StdevThresh)
MEAN	51.9031551	2.973255262	50.95363103	-0.730849442	-0.371860979	-0.394395273	-0.103545324	-0.245658121	0.611412711	1.579859157	0.557899499	0.711386754	0.126235057	0.747925456	-0.255973394	-0.863210501
stdev	0.151849758	0.052300344	0.191272909	0.072986696	0.068429797	0.020648471	0.039319694	0.017247782	0.129743087	0.170584772	0.108031426	0.080666476	0.058659167	0.066333019	0.024240471	0.046334295
correlation matrix	mean_Log(Liso)	"mean_Log(Epk,z)"	mean_Log(Eiso)	"mean_Log(T90,z)"	Log(sigma_Liso)	"Log(sigma_Epk,z)"	Log(sigma_Eiso)	"Log(sigma_T90,z)"	"rho_Liso-Epk,z"	rho_Liso-Eiso	"rho_Liso-T90,z"	"rho_Eiso-Epk,z"	"rho_Epk,z-T90,z"	"rho_Eiso-T90,z"	mean_LogThresh	Log(ScaleThresh)
mean_Log(Liso)	1	0.694080471	0.976872082	0.741630614	-0.900045691	-0.394944945	-0.830194772	-0.424672779	-0.08711775	-0.268547823	-0.093653039	-0.262047818	-0.481451219	-0.232967135	-0.439811049	-0.253959844
"mean_Log(Epk,z)"	0.694080471	1	0.754196744	0.554587208	-0.694445715	-0.660077966	-0.733686998	-0.261424152	-0.686503758	-0.41442808	-0.121070808	-0.778800351	-0.597397782	-0.162860118	-0.259986883	-0.107614996
mean_Log(Eiso)	0.976872082	0.754196744	1	0.822720195	-0.906145565	-0.458417447	-0.899923475	-0.475352665	-0.173913182	-0.428358102	-0.215668156	-0.336229915	-0.548871191	-0.316562097	-0.399438765	-0.246592885
"mean_Log(T90,z)"	0.741630614	0.554587208	0.822720195	1	-0.709944737	-0.372576317	-0.791892116	-0.636658492	-0.141844333	-0.573956961	-0.602641687	-0.242479737	-0.522303776	-0.650094314	-0.247121273	-0.175478424
Log(sigma_Liso)	-0.900045691	-0.694445715	-0.906145565	-0.709944737	1	0.453642337	0.924328231	0.39997877	0.153380531	0.376078801	0.140928759	0.364811261	0.543777499	0.231252564	0.256185717	0.141126402
"Log(sigma_Epk,z)"	-0.394944945	-0.660077966	-0.458417447	-0.372576317	0.453642337	1	0.572064484	0.212602911	0.665842369	0.400220488	0.127106761	0.739060691	0.396885082	0.069872507	0.227262191	0.158598229
Log(sigma_Eiso)	-0.830194772	-0.733686998	-0.899923475	-0.791892116	0.924328231	0.572064484	1	0.506649053	0.271473025	0.606686654	0.34914693	0.466856736	0.660593225	0.390600558	0.221360912	0.161148008
"Log(sigma_T90,z)"	-0.424672779	-0.261424152	-0.475352665	-0.636658492	0.39997877	0.212602911	0.506649053	1	0.022639859	0.246345496	0.286706986	0.030220311	0.230500342	0.48248059	0.215885907	0.205303008
"rho_Liso-Epk,z"	-0.08711775	-0.686503758	-0.173913182	-0.141844333	0.153380531	0.665842369	0.271473025	0.022639859	1	0.312133495	0.053521049	0.902953837	0.332264088	-0.010183965	0.080811507	0.020625567
rho_Liso-Eiso	-0.268547823	-0.41442808	-0.428358102	-0.573956961	0.376078801	0.400220488	0.606686654	0.246345496	0.312133495	1	0.688047089	0.336810503	0.419206945	0.401830794	-0.01152245	0.12212393
"rho_Liso-T90,z"	-0.093653039	-0.121070808	-0.215668156	-0.602641687	0.140928759	0.127106761	0.34914693	0.286706986	0.053521049	0.688047089	1	0.091978644	0.451886401	0.861459817	-0.069653745	0.030812854
"rho_Eiso-Epk,z"	-0.262047818	-0.778800351	-0.336229915	-0.242479737	0.364811261	0.739060691	0.466856736	0.030220311	0.902953837	0.336810503	0.091978644	1	0.584318002	0.05038326	0.090866088	-0.005334383
"rho_Epk,z-T90,z"	-0.481451219	-0.597397782	-0.548871191	-0.522303776	0.543777499	0.396885082	0.660593225	0.230500342	0.332264088	0.419206945	0.451886401	0.584318002	1	0.560532275	0.081205481	0.011255142
"rho_Eiso-T90,z"	-0.232967135	-0.162860118	-0.316562097	-0.650094314	0.231252564	0.069872507	0.390600558	0.48248059	-0.010183965	0.401830794	0.861459817	0.05038326	0.560532275	1	0.020776821	0.057962413
mean_LogThresh	-0.439811049	-0.259986883	-0.399438765	-0.247121273	0.256185717	0.227262191	0.221360912	0.215885907	0.080811507	-0.01152245	-0.069653745	0.090866088	0.081205481	0.020776821	1	0.718630107
Log(ScaleThresh)	-0.253959844	-0.107614996	-0.246592885	-0.175478424	0.141126402	0.158598229	0.161148008	0.205303008	0.020625567	0.12212393	0.030812854	-0.005334383	0.011255142	0.057962413	0.718630107	1
