! assuming SFR B10 (of Butler and Bloom 2010)
&InputData

    ngrb = 565
    inputBatseDataFile  = "batseDataSGRB565.in"
    outputBatseDataFile = "batseDataSGRB565.out"
    
    zoneMin  = 1.1e0
    zoneMax  = 5.e0
    zoneTolGRB = 1.e-4
    zoneTol  = 1.e-4
    durzTol  = 5.e-5
    lisoTol  = 8.e-6
    epkzTol  = 1.e-6
    zoneRefGRB = 4
    zoneRef = 4 
    durzRef = 6
    lisoRef = 6     
    epkzRef = 7
    
    
    
    

/

&ParaDRAM

    ! Base

    description = "ParaDRAM sampling of the LGRB world model of BATSE 1366 LGRBs,\nwith redshift Kfactor corrections to the T90 durations
    \n zoneMin  = 1.1e0
    \n zoneMax  = 5.e0
    \n zoneTolGRB = 1.e-4
    \n zoneTol  = 1.e-4
    \n durzTol  = 5.e-5
    \n lisoTol  = 8.e-6
    \n epkzTol  = 1.e-6
    \n zoneRefGRB = 4
    \n zoneRef = 4 
    \n durzRef = 6
    \n lisoRef = 6     
    \n epkzRef = 7
                                        "
   !outputColumnWidth                   = 25
    outputRealPrecision                 = 17
   !outputDelimiter                     = ","
    outputFileName                      = "./out/"
    sampleSize                          = 5000
    randomSeed                          = 3597,
    chainFileFormat                     = "compact"
   !domainLowerLimitVec                 = 16*-1.e300
   !domainUpperLimitVec                 = 16*1.e300
    parallelizationModel                = "single chain"
   !targetAcceptanceRate                = 0.15e0
    progressReportPeriod                = 1000
    maxNumDomainCheckToWarn             = 100
    maxNumDomainCheckToStop             = 1000
    inputFileHasPriority                = false
    restartFileFormat                   = "binary"
    silentModeRequested                 = false
    mpiFinalizeRequested                = true
    !variableNameList                   = "avgLogLiso", "avgLogEpkz", "avgLogEiso", "avgLogT90z", "logStdLogLiso", "logStdLogEpkz", "logStdLogEiso", "logStdLogT90z", "atanhCorLisoEpkz", "atanhCorLisoEiso", "atanhCorLisoT90z", "atanhCorEpkzEiso", "atanhCorEpkzT90z", "atanhCorEisoT90z", "avgLogThresh", "logStdLogThresh"
    variableNameList                    = 
    "avgLogLiso"
    "avgLogEpkz"
    "avgLogEiso"
    "avgLogT90z"
    "logStdLogLiso"
    "logStdLogEpkz"
    "logStdLogEiso"
    "logStdLogT90z"
    "atanhCorLisoEpkz"
    "atanhCorLisoEiso"
    "atanhCorLisoT90z"
    "atanhCorEpkzEiso"
    "atanhCorEpkzT90z"
    "atanhCorEisoT90z"
    "avgLogThresh"
    "logStdLogThresh"

    ! MCMC

    chainSize                           = 40000
    sampleRefinementCount               = 10
    sampleRefinementMethod              = "BatchMeans"
    randomStartPointDomainLowerLimitVec = 16*-1.e300
    randomStartPointDomainUpperLimitVec = 16*+1.e300
    randomStartPointRequested           = false

    startPointVec = 
     0.11911544744673425E+03
     0.67497448656525068E+01
     0.11690546044304983E+03
    -0.14106978971577659E+01
     0.73105742601249357E-01
    -0.86701037373702314E-01
     0.48614071525351898E+00
     0.43045943752307347E+00
     0.59269355401295987E+00
     0.95901162163155129E+00
     0.16815906136569350E+00
     0.64248816352445215E+00
     0.44338374251240188E-01
     0.70664182212296811E+00
    -0.70155561542095768E+00
    -0.11785604177192215E+01

    proposalStartStdVec = 
    0.42836689251575821E+00
    0.98488380852516544E-01
    0.51154619409682822E+00
    0.26607645393742280E+00
    0.15708320600535158E+00
    0.39272681520255870E-01
    0.10709617367646654E+00
    0.61948124733068224E-01
    0.84989853404955087E-01
    0.14340645274555774E+00
    0.12011514557901028E+00
    0.70510766484722417E-01
    0.60170346436036755E-01
    0.82963294013124050E-01
    0.96411944985527159E-01
    0.13980057992464398E+00

    proposalStartCorMat = 
     0.10000000000000000E+01   0.76811231803733315E+00   0.98632352808833978E+00   0.86226237200296396E+00  -0.92192031144635589E+00  -0.44292426617077468E+00  -0.88884529598465301E+00  -0.40349958859142382E+00   0.20108339135665132E+00  -0.86803249298598695E+00  -0.70411554700860224E+00   0.31325949085752196E-01  -0.36691626478572997E+00  -0.35798431472191189E+00  -0.78661075766029243E+00  -0.26589595771046015E+00
     0.76811231803733315E+00   0.10000000000000000E+01   0.77759169291950769E+00   0.59948697255877004E+00  -0.75659662494332258E+00  -0.52953475948184270E+00  -0.75931987829107472E+00  -0.27440310053887690E+00  -0.31442692816651818E+00  -0.73667300431722094E+00  -0.50528734834989741E+00  -0.41059669068265586E+00  -0.50428362423196815E+00  -0.20388132679894597E+00  -0.54604221434105471E+00  -0.19069540873849677E+00
     0.98632352808833978E+00   0.77759169291950769E+00   0.10000000000000000E+01   0.91496274358080321E+00  -0.89933907601814989E+00  -0.44213610893487904E+00  -0.91524936468968932E+00  -0.47142410916858296E+00   0.17675490901608826E+00  -0.87948272212278977E+00  -0.74702679747687162E+00   0.44492170643791462E-01  -0.39468035991098810E+00  -0.43363313529187331E+00  -0.77770239620410408E+00  -0.27063999724261761E+00
     0.86226237200296396E+00   0.59948697255877004E+00   0.91496274358080321E+00   0.10000000000000000E+01  -0.75423259167496881E+00  -0.33739525636117595E+00  -0.84517215270508639E+00  -0.62261684631509107E+00   0.24727612341789371E+00  -0.78818490141776132E+00  -0.82481509964484068E+00   0.18475995253490149E+00  -0.36301225412212984E+00  -0.63068500473133948E+00  -0.70363564929187838E+00  -0.25064402907078193E+00
    -0.92192031144635589E+00  -0.75659662494332258E+00  -0.89933907601814989E+00  -0.75423259167496881E+00   0.10000000000000000E+01   0.48951518113378689E+00   0.90708397050268974E+00   0.35384704225112479E+00  -0.11549946968531470E+00   0.90202836615534909E+00   0.65051495843834750E+00   0.81372504703035392E-01   0.36839040439346610E+00   0.23844708098689341E+00   0.71029623204803893E+00   0.17495755248574321E+00
    -0.44292426617077468E+00  -0.52953475948184270E+00  -0.44213610893487904E+00  -0.33739525636117595E+00   0.48951518113378689E+00   0.10000000000000000E+01   0.50520035117446116E+00   0.15155328086160261E+00   0.31207869324594045E+00   0.48054830823273731E+00   0.26619588576153208E+00   0.41076362328060567E+00   0.24424621577354941E+00   0.71718067247080915E-02   0.35958552722838999E+00   0.12325938399514277E+00
    -0.88884529598465301E+00  -0.75931987829107472E+00  -0.91524936468968932E+00  -0.84517215270508639E+00   0.90708397050268974E+00   0.50520035117446116E+00   0.10000000000000000E+01   0.55193072845598634E+00  -0.56588889800245790E-01   0.92216855468974790E+00   0.80584172087071781E+00   0.73190765042325981E-01   0.52607671923402155E+00   0.51614079765521925E+00   0.68531735549789685E+00   0.19827428322684520E+00
    -0.40349958859142382E+00  -0.27440310053887690E+00  -0.47142410916858296E+00  -0.62261684631509107E+00   0.35384704225112479E+00   0.15155328086160261E+00   0.55193072845598634E+00   0.10000000000000000E+01  -0.13417438605068258E+00   0.32342956200244666E+00   0.48325528993228473E+00  -0.26139853586459405E+00   0.19778789505001487E+00   0.65135002863663016E+00   0.34458556920342215E+00   0.14673490384204238E+00
     0.20108339135665132E+00  -0.31442692816651818E+00   0.17675490901608826E+00   0.24727612341789371E+00  -0.11549946968531470E+00   0.31207869324594045E+00  -0.56588889800245790E-01  -0.13417438605068258E+00   0.10000000000000000E+01  -0.46707129656461781E-01  -0.23095324683158616E+00   0.79657234184693426E+00   0.19683823535602657E+00  -0.24840926537920299E+00  -0.24953779309252874E+00  -0.58751145684678270E-01
    -0.86803249298598695E+00  -0.73667300431722094E+00  -0.87948272212278977E+00  -0.78818490141776132E+00   0.90202836615534909E+00   0.48054830823273731E+00   0.92216855468974790E+00   0.32342956200244666E+00  -0.46707129656461781E-01   0.10000000000000000E+01   0.81981196919531607E+00   0.82861806386124795E-01   0.44264935547571899E+00   0.37489136036886767E+00   0.68159088009660873E+00   0.18976048746423835E+00
    -0.70411554700860224E+00  -0.50528734834989741E+00  -0.74702679747687162E+00  -0.82481509964484068E+00   0.65051495843834750E+00   0.26619588576153208E+00   0.80584172087071781E+00   0.48325528993228473E+00  -0.23095324683158616E+00   0.81981196919531607E+00   0.10000000000000000E+01  -0.12989526206265292E+00   0.53932220145160892E+00   0.79684040180944371E+00   0.57760165965839882E+00   0.16928288868323846E+00
     0.31325949085752196E-01  -0.41059669068265586E+00   0.44492170643791462E-01   0.18475995253490149E+00   0.81372504703035392E-01   0.41076362328060567E+00   0.73190765042325981E-01  -0.26139853586459405E+00   0.79657234184693426E+00   0.82861806386124795E-01  -0.12989526206265292E+00   0.10000000000000000E+01   0.52220104204793616E+00  -0.26523272851320123E+00  -0.10259520002478413E+00  -0.37457256111266587E-01
    -0.36691626478572997E+00  -0.50428362423196815E+00  -0.39468035991098810E+00  -0.36301225412212984E+00   0.36839040439346610E+00   0.24424621577354941E+00   0.52607671923402155E+00   0.19778789505001487E+00   0.19683823535602657E+00   0.44264935547571899E+00   0.53932220145160892E+00   0.52220104204793616E+00   0.10000000000000000E+01   0.52072524767529893E+00   0.23812334857198925E+00   0.76778827373502473E-01
    -0.35798431472191189E+00  -0.20388132679894597E+00  -0.43363313529187331E+00  -0.63068500473133948E+00   0.23844708098689341E+00   0.71718067247080915E-02   0.51614079765521925E+00   0.65135002863663016E+00  -0.24840926537920299E+00   0.37489136036886767E+00   0.79684040180944371E+00  -0.26523272851320123E+00   0.52072524767529893E+00   0.10000000000000000E+01   0.29518838408427062E+00   0.10863234247680406E+00
    -0.78661075766029243E+00  -0.54604221434105471E+00  -0.77770239620410408E+00  -0.70363564929187838E+00   0.71029623204803893E+00   0.35958552722838999E+00   0.68531735549789685E+00   0.34458556920342215E+00  -0.24953779309252874E+00   0.68159088009660873E+00   0.57760165965839882E+00  -0.10259520002478413E+00   0.23812334857198925E+00   0.29518838408427062E+00   0.10000000000000000E+01   0.53426555562497058E+00
    -0.26589595771046015E+00  -0.19069540873849677E+00  -0.27063999724261761E+00  -0.25064402907078193E+00   0.17495755248574321E+00   0.12325938399514277E+00   0.19827428322684520E+00   0.14673490384204238E+00  -0.58751145684678270E-01   0.18976048746423835E+00   0.16928288868323846E+00  -0.37457256111266587E-01   0.76778827373502473E-01   0.10863234247680406E+00   0.53426555562497058E+00   0.10000000000000000E+01


    ! DRAM

    scaleFactor                         = "0.2*gelman",
    proposalModel                       = "normal"
    adaptiveUpdateCount                 = 2000000000
   !adaptiveUpdatePeriod                = 35
    greedyAdaptationCount               = 0
   !delayedRejectionCount               = 5
   !delayedRejectionScaleFactorVec      = 5*1.
   !burninAdaptationMeasure             = 1.

/

