! assuming SFR B10 (of Butler and Bloom 2010)
&InputData

    ngrb = 565
    inputBatseDataFile  = "batseDataSGRB565.in"
    outputBatseDataFile = "batseDataSGRB565.out"
    
    zoneMin  = 1.5e0
    zoneMax  = 2.5e0
    zoneTolGRB = 1.e-4
    zoneTol  = 1.e-4
    durzTol  = 5.e-5
    lisoTol  = 8.e-6
    epkzTol  = 1.e-6
    zoneRefGRB = 4
    zoneRef = 4 
    durzRef = 6
    lisoRef = 6     
    epkzRef = 7
    
    
    
    

/

&ParaDRAM

    ! Base

    description = "ParaDRAM sampling of the LGRB world model of BATSE 1366 LGRBs,\nwith redshift Kfactor corrections to the T90 durations
    \n zoneMin  = 1.5e0
    \n zoneMax  = 2.5e0
    \n zoneTolGRB = 1.e-4
    \n zoneTol  = 1.e-4
    \n durzTol  = 5.e-5
    \n lisoTol  = 8.e-6
    \n epkzTol  = 1.e-6
    \n zoneRefGRB = 4
    \n zoneRef = 4 
    \n durzRef = 6
    \n lisoRef = 6     
    \n epkzRef = 7
                                        "
   !outputColumnWidth                   = 25
    outputRealPrecision                 = 17
   !outputDelimiter                     = ","
    outputFileName                      = "./out/"
    sampleSize                          = 5000
    randomSeed                          = 3597,
    chainFileFormat                     = "compact"
   !domainLowerLimitVec                 = 16*-1.e300
   !domainUpperLimitVec                 = 16*1.e300
    parallelizationModel                = "single chain"
   !targetAcceptanceRate                = 0.15e0
    progressReportPeriod                = 1000
    maxNumDomainCheckToWarn             = 100
    maxNumDomainCheckToStop             = 1000
    inputFileHasPriority                = false
    restartFileFormat                   = "binary"
    silentModeRequested                 = false
    mpiFinalizeRequested                = true
    !variableNameList                    = "avgLogLiso", "avgLogEpkz", "avgLogEiso", "avgLogT90z", "logStdLogLiso", "logStdLogEpkz", "logStdLogEiso", "logStdLogT90z", "atanhCorLisoEpkz", "atanhCorLisoEiso", "atanhCorLisoT90z", "atanhCorEpkzEiso", "atanhCorEpkzT90z", "atanhCorEisoT90z", "avgLogThresh", "logStdLogThresh"
    variableNameList                    = 
    "avgLogLiso"
    "avgLogEpkz"
    "avgLogEiso"
    "avgLogT90z"
    "logStdLogLiso"
    "logStdLogEpkz"
    "logStdLogEiso"
    "logStdLogT90z"
    "atanhCorLisoEpkz"
    "atanhCorLisoEiso"
    "atanhCorLisoT90z"
    "atanhCorEpkzEiso"
    "atanhCorEpkzT90z"
    "atanhCorEisoT90z"
    "avgLogThresh"
    "logStdLogThresh"

    ! MCMC

    chainSize                           = 20000
    sampleRefinementCount               = 10
    sampleRefinementMethod              = "BatchMeans"
    randomStartPointDomainLowerLimitVec = 16*-1.e300
    randomStartPointDomainUpperLimitVec = 16*+1.e300
    randomStartPointRequested           = false

    startPointVec = 
     0.11853853891158286E+03
     0.66332140683122729E+01
     0.11633422506456489E+03
    -0.15179284348342503E+01
     0.34479405923920781E+00
    -0.61654153481189924E-01
     0.61715022023502863E+00
     0.44544421412353674E+00
     0.58112737178818019E+00
     0.11090449939552089E+01
     0.15853605597660614E+00
     0.66239391479644849E+00
     0.50633807353226160E-01
     0.63631889406031183E+00
    -0.65632113217127697E+00
    -0.11678724975000714E+01

    proposalStartStdVec = 
    0.60693748978534989E+00
    0.12303885412212968E+00
    0.70356651018527205E+00
    0.35109351787408394E+00
    0.11788213677399507E+00
    0.40086330215797800E-01
    0.99599246522829560E-01
    0.65923555592016597E-01
    0.72918143247641176E-01
    0.11775911185930484E+00
    0.10921656275702855E+00
    0.70937806724555671E-01
    0.62591736412405202E-01
    0.84632354987108624E-01
    0.94154165573430704E-01
    0.13986747120478860E+00

    proposalStartCorMat = 
    
     0.10000000000000000E+01   0.78714191073656292E+00   0.98916444503971712E+00   0.88054090863182721E+00  -0.93962309566661351E+00  -0.40690897451281455E+00  -0.88322256238882513E+00  -0.46343912913326585E+00   0.74964059679180919E-01  -0.86561390606927535E+00  -0.73026794055538302E+00   0.59988125516936962E-01  -0.37416321993210089E+00  -0.49988969764860552E+00  -0.79393837556499192E+00  -0.37735602214977165E+00
     0.78714191073656292E+00   0.10000000000000000E+01   0.79916411065133253E+00   0.64399202727228944E+00  -0.78855551510875643E+00  -0.53343663501654182E+00  -0.79028971301280360E+00  -0.32437503862791961E+00  -0.44624277714892097E+00  -0.77165810220604680E+00  -0.58257875582075214E+00  -0.41939344063523343E+00  -0.57507377735799925E+00  -0.37591045768590026E+00  -0.59476772883184248E+00  -0.29469633934522249E+00
     0.98916444503971712E+00   0.79916411065133253E+00   0.10000000000000000E+01   0.92580929690168656E+00  -0.92469266881501222E+00  -0.41241344244923372E+00  -0.91542637238208824E+00  -0.52981964127835812E+00   0.44583236232621171E-01  -0.88035529997301154E+00  -0.77959519741578942E+00   0.61847281527603326E-01  -0.40589580275608472E+00  -0.57409822742063221E+00  -0.78593395347167061E+00  -0.37281323102922675E+00
     0.88054090863182721E+00   0.64399202727228944E+00   0.92580929690168656E+00   0.10000000000000000E+01  -0.79817214417143179E+00  -0.33237709509794122E+00  -0.86619781206725932E+00  -0.68976731900046329E+00   0.11949246581426949E+00  -0.80188550690191429E+00  -0.86448711125581934E+00   0.18862044663889993E+00  -0.37378613178778330E+00  -0.74824591404368590E+00  -0.70563489459504625E+00  -0.31998731159860277E+00
    -0.93962309566661351E+00  -0.78855551510875643E+00  -0.92469266881501222E+00  -0.79817214417143179E+00   0.10000000000000000E+01   0.47776782836953674E+00   0.91594074387990509E+00   0.42598873791077702E+00   0.30113632717286978E-01   0.90843702337010324E+00   0.71109062137464862E+00   0.53427332405393539E-01   0.41435257926210040E+00   0.44090189006849345E+00   0.72006326670216647E+00   0.30920279808228179E+00
    -0.40690897451281455E+00  -0.53343663501654182E+00  -0.41241344244923372E+00  -0.33237709509794122E+00   0.47776782836953674E+00   0.10000000000000000E+01   0.50184485163833603E+00   0.19832734928865070E+00   0.40972423200421465E+00   0.47006437250277688E+00   0.30970462589973702E+00   0.42949261546165352E+00   0.30263678010171202E+00   0.14342706056621940E+00   0.33928494053334535E+00   0.17007522450041618E+00
    -0.88322256238882513E+00  -0.79028971301280360E+00  -0.91542637238208824E+00  -0.86619781206725932E+00   0.91594074387990509E+00   0.50184485163833603E+00   0.10000000000000000E+01   0.61128750027872614E+00   0.11524372638362937E+00   0.91198419830573751E+00   0.84913918351992956E+00   0.77975855946023645E-01   0.55548517254444885E+00   0.67619362082185042E+00   0.67546516234685505E+00   0.28890851530862871E+00
    -0.46343912913326585E+00  -0.32437503862791961E+00  -0.52981964127835812E+00  -0.68976731900046329E+00   0.42598873791077702E+00   0.19832734928865070E+00   0.61128750027872614E+00   0.10000000000000000E+01  -0.64324256930286511E-01   0.36965764713737448E+00   0.59161598703708074E+00  -0.23649363946593124E+00   0.22893475673211805E+00   0.73466428402338946E+00   0.37250011579598347E+00   0.14452418031634190E+00
     0.74964059679180919E-01  -0.44624277714892097E+00   0.44583236232621171E-01   0.11949246581426949E+00   0.30113632717286978E-01   0.40972423200421465E+00   0.11524372638362937E+00  -0.64324256930286511E-01   0.10000000000000000E+01   0.12227863655332460E+00  -0.44534973694102288E-01   0.85264257677756394E+00   0.36608797206335125E+00  -0.94501206265792947E-01  -0.10260836217132274E+00  -0.22881235159516244E-01
    -0.86561390606927535E+00  -0.77165810220604680E+00  -0.88035529997301154E+00  -0.80188550690191429E+00   0.90843702337010324E+00   0.47006437250277688E+00   0.91198419830573751E+00   0.36965764713737448E+00   0.12227863655332460E+00   0.10000000000000000E+01   0.83192634747823291E+00   0.94379849155013434E-01   0.47239277454110046E+00   0.51960216560995787E+00   0.65407109567831312E+00   0.27960836769364239E+00
    -0.73026794055538302E+00  -0.58257875582075214E+00  -0.77959519741578942E+00  -0.86448711125581934E+00   0.71109062137464862E+00   0.30970462589973702E+00   0.84913918351992956E+00   0.59161598703708074E+00  -0.44534973694102288E-01   0.83192634747823291E+00   0.10000000000000000E+01  -0.86980031710513897E-01   0.56461450833696269E+00   0.88226509051429036E+00   0.55210035882122910E+00   0.20902426728426307E+00
     0.59988125516936962E-01  -0.41939344063523343E+00   0.61847281527603326E-01   0.18862044663889993E+00   0.53427332405393539E-01   0.42949261546165352E+00   0.77975855946023645E-01  -0.23649363946593124E+00   0.85264257677756394E+00   0.94379849155013434E-01  -0.86980031710513897E-01   0.10000000000000000E+01   0.55716143637645976E+00  -0.18360733988273334E+00  -0.86886830864684961E-01  -0.18500441841499054E-01
    -0.37416321993210089E+00  -0.57507377735799925E+00  -0.40589580275608472E+00  -0.37378613178778330E+00   0.41435257926210040E+00   0.30263678010171202E+00   0.55548517254444885E+00   0.22893475673211805E+00   0.36608797206335125E+00   0.47239277454110046E+00   0.56461450833696269E+00   0.55716143637645976E+00   0.10000000000000000E+01   0.55428136319012777E+00   0.24867796787858609E+00   0.99970824060252955E-01
    -0.49988969764860552E+00  -0.37591045768590026E+00  -0.57409822742063221E+00  -0.74824591404368590E+00   0.44090189006849345E+00   0.14342706056621940E+00   0.67619362082185042E+00   0.73466428402338946E+00  -0.94501206265792947E-01   0.51960216560995787E+00   0.88226509051429036E+00  -0.18360733988273334E+00   0.55428136319012777E+00   0.10000000000000000E+01   0.37002397872226750E+00   0.12152172444018336E+00
    -0.79393837556499192E+00  -0.59476772883184248E+00  -0.78593395347167061E+00  -0.70563489459504625E+00   0.72006326670216647E+00   0.33928494053334535E+00   0.67546516234685505E+00   0.37250011579598347E+00  -0.10260836217132274E+00   0.65407109567831312E+00   0.55210035882122910E+00  -0.86886830864684961E-01   0.24867796787858609E+00   0.37002397872226750E+00   0.10000000000000000E+01   0.66130162907119061E+00
    -0.37735602214977165E+00  -0.29469633934522249E+00  -0.37281323102922675E+00  -0.31998731159860277E+00   0.30920279808228179E+00   0.17007522450041618E+00   0.28890851530862871E+00   0.14452418031634190E+00  -0.22881235159516244E-01   0.27960836769364239E+00   0.20902426728426307E+00  -0.18500441841499054E-01   0.99970824060252955E-01   0.12152172444018336E+00   0.66130162907119061E+00   0.10000000000000000E+01


    ! DRAM

    scaleFactor                         = "0.2*gelman",
    proposalModel                       = "normal"
    adaptiveUpdateCount                 = 2000000000
   !adaptiveUpdatePeriod                = 35
    greedyAdaptationCount               = 0
   !delayedRejectionCount               = 5
   !delayedRejectionScaleFactorVec      = 5*1.
   !burninAdaptationMeasure             = 1.

/

