! assuming SFR B10 (of Butler and Bloom 2010)
&InputData

    ngrb = 565
    inputBatseDataFile  = "batseDataSGRB565.in"
    outputBatseDataFile = "batseDataSGRB565.out"
    
    zoneMin  = 1.99e0
    zoneMax  = 2.01e0
    zoneTolGRB = 1.e-4
    zoneTol  = 1.e-4
    durzTol  = 5.e-5
    lisoTol  = 8.e-6
    epkzTol  = 1.e-6
    zoneRefGRB = 4
    zoneRef = 4 
    durzRef = 6
    lisoRef = 6     
    epkzRef = 7
    
    
    
    

/

&ParaDRAM

    ! Base

    description                         = "ParaDRAM sampling of the LGRB world model of BATSE 1366 LGRBs,\nwith redshift Kfactor corrections to the T90 durations
                                        \n zoneMin  = 1.1e0
                                        \n zoneMax  = 5.0e0
                                        \n !zoneTolGRB = 1.e-4
                                        \n zoneTol  = 1.e-3
                                        \n durzTol  = 1.e-4
                                        \n lisoTol  = 1.e-5
                                        \n epkzTol  = 1.e-6
                                        \n !zoneRefGRB = 5
                                        \n zoneRef = 4 
                                        \n durzRef = 6
                                        \n lisoRef = 6     
                                        \n epkzRef = 7
                                        
                                        
                                        "
   !outputColumnWidth                   = 25
    outputRealPrecision                 = 17
   !outputDelimiter                     = ","
    outputFileName                      = "./out/"
    sampleSize                          = 5000
    randomSeed                          = 3597,
    chainFileFormat                     = "compact"
   !domainLowerLimitVec                 = 16*-1.e300
   !domainUpperLimitVec                 = 16*1.e300
    parallelizationModel                = "single chain"
   !targetAcceptanceRate                = 0.15e0
    progressReportPeriod                = 1000
    maxNumDomainCheckToWarn             = 100
    maxNumDomainCheckToStop             = 1000
    inputFileHasPriority                = false
    restartFileFormat                   = "binary"
    silentModeRequested                 = false
    mpiFinalizeRequested                = true
    variableNameList                    = "avgLogLiso", "avgLogEpkz", "avgLogEiso", "avgLogT90z", "logStdLogLiso", "logStdLogEpkz", "logStdLogEiso", "logStdLogT90z", "atanhCorLisoEpkz", "atanhCorLisoEiso", "atanhCorLisoT90z", "atanhCorEpkzEiso", "atanhCorEpkzT90z", "atanhCorEisoT90z", "avgLogThresh", "logStdLogThresh"

    ! MCMC

    chainSize                           = 20000
    sampleRefinementCount               = 10
    sampleRefinementMethod              = "BatchMeans"
    randomStartPointDomainLowerLimitVec = 16*-1.e300
    randomStartPointDomainUpperLimitVec = 16*+1.e300
    randomStartPointRequested           = false

    startPointVec = 
     0.11999085829528188E+03
     0.69459832062377647E+01
     0.11770668777893782E+03
    -0.13639058802470703E+01
    -0.23342959079936121E+00
    -0.11347404646473699E+00
     0.35605510482712649E+00
     0.41999513529280108E+00
     0.61347127569054538E+00
     0.77125412942790517E+00
     0.13651960377695921E+00
     0.61863430648112683E+00
     0.31662688095477995E-01
     0.75960040028420250E+00
    -0.75336537247576862E+00
    -0.11587245063679341E+01


    ! DRAM

    scaleFactor                         = "0.2*gelman",
    proposalModel                       = "normal"
    adaptiveUpdateCount                 = 2000000000
   !adaptiveUpdatePeriod                = 35
    greedyAdaptationCount               = 0
   !delayedRejectionCount               = 5
   !delayedRejectionScaleFactorVec      = 5*1.
   !burninAdaptationMeasure             = 1.

    proposalStartStdVec = 

    0.32280400877003468E+00
    0.75672661556465418E-01
    0.38392232164373230E+00
    0.21254207658501803E+00
    0.17760439894023203E+00
    0.37392524201821063E-01
    0.10231935892433057E+00
    0.59192901732065845E-01
    0.10939156663093606E+00
    0.16554792679476280E+00
    0.14531221441877595E+00
    0.68302760106186147E-01
    0.58785970747851052E-01
    0.84557507557207381E-01
    0.10889515626828590E+00
    0.14934052060527253E+00

    proposalStartCorMat = 
    
     0.10000000000000000E+01   0.70186665673730320E+00   0.98287184268646899E+00   0.83373579699682121E+00  -0.88957767258039810E+00  -0.39582231352673308E+00  -0.85813992373936809E+00  -0.31612926159183474E+00   0.40126380748652357E+00  -0.84213404346097875E+00  -0.68215453687710781E+00   0.13762921039567863E+00  -0.30270238928159715E+00  -0.29810833614197252E+00  -0.75555846493236001E+00  -0.11617035954081290E+00
     0.70186665673730320E+00   0.10000000000000000E+01   0.71935889593816305E+00   0.51265324429889281E+00  -0.67984386778116024E+00  -0.40707112308686000E+00  -0.67691545829512001E+00  -0.18058391452771630E+00  -0.13300789933117435E+00  -0.65215823923736571E+00  -0.42150932320388707E+00  -0.31526376744557882E+00  -0.42351925550981478E+00  -0.11614766655489517E+00  -0.44338883421012387E+00  -0.60305960370016211E-01
     0.98287184268646899E+00   0.71935889593816305E+00   0.10000000000000000E+01   0.89834418520750603E+00  -0.87481444269039776E+00  -0.39229145984950070E+00  -0.88809277699742317E+00  -0.38494384726554781E+00   0.37683067864258590E+00  -0.85805962805622626E+00  -0.71871270145273436E+00   0.15289412636929120E+00  -0.32619376060553490E+00  -0.36683983517453633E+00  -0.74521811849296449E+00  -0.10747839526241609E+00
     0.83373579699682121E+00   0.51265324429889281E+00   0.89834418520750603E+00   0.10000000000000000E+01  -0.72235827056879487E+00  -0.30491222144657576E+00  -0.80701343287790206E+00  -0.52663456099283434E+00   0.42655361690417987E+00  -0.76692934364808085E+00  -0.78517920150057785E+00   0.29236193379314107E+00  -0.28851470558491654E+00  -0.56093917444268038E+00  -0.70542214333048736E+00  -0.95203927058557139E-01
    -0.88957767258039810E+00  -0.67984386778116024E+00  -0.87481444269039776E+00  -0.72235827056879487E+00   0.10000000000000000E+01   0.45053242994577553E+00   0.88798179693213686E+00   0.26903972260712838E+00  -0.32981030567106978E+00   0.88969464171800205E+00   0.63772501585787744E+00  -0.19442953045482568E-01   0.31142871172787168E+00   0.17471933205682383E+00   0.66422937630411183E+00  -0.94178497558294384E-03
    -0.39582231352673308E+00  -0.40707112308686000E+00  -0.39229145984950070E+00  -0.30491222144657576E+00   0.45053242994577553E+00   0.10000000000000000E+01   0.44861617535343545E+00   0.93914728155507540E-01   0.19704355031317072E+00   0.43468053810404467E+00   0.22487861645816254E+00   0.35169682218027998E+00   0.13654191598583554E+00  -0.70807675633322201E-01   0.32407929611723879E+00   0.38716085178216335E-01
    -0.85813992373936809E+00  -0.67691545829512001E+00  -0.88809277699742317E+00  -0.80701343287790206E+00   0.88798179693213686E+00   0.44861617535343545E+00   0.10000000000000000E+01   0.49023629394021040E+00  -0.27245798485322736E+00   0.91533081409335071E+00   0.78341031938970795E+00  -0.32447313668190036E-01   0.48666799466726585E+00   0.46433247908172837E+00   0.64497349303417473E+00   0.92301520840980394E-02
    -0.31612926159183474E+00  -0.18058391452771630E+00  -0.38494384726554781E+00  -0.52663456099283434E+00   0.26903972260712838E+00   0.93914728155507540E-01   0.49023629394021040E+00   0.10000000000000000E+01  -0.19068961340764976E+00   0.24410575261747847E+00   0.36010802121548363E+00  -0.32498257370364542E+00   0.12340027311066828E+00   0.59114765378215539E+00   0.28251242834397100E+00   0.18944886567468251E-01
     0.40126380748652357E+00  -0.13300789933117435E+00   0.37683067864258590E+00   0.42655361690417987E+00  -0.32981030567106978E+00   0.19704355031317072E+00  -0.27245798485322736E+00  -0.19068961340764976E+00   0.10000000000000000E+01  -0.28015521147955774E+00  -0.44910311639686895E+00   0.72563080174995542E+00   0.16972419396590388E-01  -0.36781220828689287E+00  -0.41531823500253334E+00  -0.24592350591255072E-02
    -0.84213404346097875E+00  -0.65215823923736571E+00  -0.85805962805622626E+00  -0.76692934364808085E+00   0.88969464171800205E+00   0.43468053810404467E+00   0.91533081409335071E+00   0.24410575261747847E+00  -0.28015521147955774E+00   0.10000000000000000E+01   0.83363761313403206E+00  -0.24538965940340121E-01   0.41600922993801015E+00   0.33537086846455066E+00   0.65167605777224036E+00  -0.53231763728235027E-02
    -0.68215453687710781E+00  -0.42150932320388707E+00  -0.71871270145273436E+00  -0.78517920150057785E+00   0.63772501585787744E+00   0.22487861645816254E+00   0.78341031938970795E+00   0.36010802121548363E+00  -0.44910311639686895E+00   0.83363761313403206E+00   0.10000000000000000E+01  -0.23680042602558016E+00   0.50642239572915515E+00   0.73910874940686688E+00   0.61198474070793885E+00  -0.23982240297766126E-02
     0.13762921039567863E+00  -0.31526376744557882E+00   0.15289412636929120E+00   0.29236193379314107E+00  -0.19442953045482568E-01   0.35169682218027998E+00  -0.32447313668190036E-01  -0.32498257370364542E+00   0.72563080174995542E+00  -0.24538965940340121E-01  -0.23680042602558016E+00   0.10000000000000000E+01   0.44351042173167038E+00  -0.36355346460939525E+00  -0.19335583537627413E+00  -0.54305995210012521E-02
    -0.30270238928159715E+00  -0.42351925550981478E+00  -0.32619376060553490E+00  -0.28851470558491654E+00   0.31142871172787168E+00   0.13654191598583554E+00   0.48666799466726585E+00   0.12340027311066828E+00   0.16972419396590388E-01   0.41600922993801015E+00   0.50642239572915515E+00   0.44351042173167038E+00   0.10000000000000000E+01   0.50151397436225331E+00   0.20766516294815066E+00  -0.57416831851815689E-02
    -0.29810833614197252E+00  -0.11614766655489517E+00  -0.36683983517453633E+00  -0.56093917444268038E+00   0.17471933205682383E+00  -0.70807675633322201E-01   0.46433247908172837E+00   0.59114765378215539E+00  -0.36781220828689287E+00   0.33537086846455066E+00   0.73910874940686688E+00  -0.36355346460939525E+00   0.50151397436225331E+00   0.10000000000000000E+01   0.32050368412171193E+00   0.13064222935148743E-01
    -0.75555846493236001E+00  -0.44338883421012387E+00  -0.74521811849296449E+00  -0.70542214333048736E+00   0.66422937630411183E+00   0.32407929611723879E+00   0.64497349303417473E+00   0.28251242834397100E+00  -0.41531823500253334E+00   0.65167605777224036E+00   0.61198474070793885E+00  -0.19335583537627413E+00   0.20766516294815066E+00   0.32050368412171193E+00   0.10000000000000000E+01   0.32671318809216071E+00
    -0.11617035954081290E+00  -0.60305960370016211E-01  -0.10747839526241609E+00  -0.95203927058557139E-01  -0.94178497558294384E-03   0.38716085178216335E-01   0.92301520840980394E-02   0.18944886567468251E-01  -0.24592350591255072E-02  -0.53231763728235027E-02  -0.23982240297766126E-02  -0.54305995210012521E-02  -0.57416831851815689E-02   0.13064222935148743E-01   0.32671318809216071E+00   0.10000000000000000E+01

/

