! assuming SFR B10 (of Butler and Bloom 2010)
&InputData

    ngrb = 565
    inputBatseDataFile  = "batseDataSGRB565.in"
    outputBatseDataFile = "batseDataSGRB565.out"

    zoneMin  = 1.5e0
    zoneMax  = 6.5e0
    zoneTol  = 5.e-4
    durzTol  = 1.e-4
    lisoTol  = 5.e-5
    epkzTol  = 1.e-5
    zoneRef = 5
    durzRef = 5
    lisoRef = 6
    epkzRef = 6

/

&ParaDRAM

    ! Base

    description                         = "ParaDRAM sampling of the LGRB world model of BATSE 1366 LGRBs,\nwith redshift Kfactor corrections to the T90 durations
                                        \n zoneMin  = 1.1e0
                                        \n zoneMax  = 2.1e1
                                        \n zoneTol  = 5.e-5
                                        \n lisoTol  = 5.e-6
                                        \n epkzTol  = 1.e-7
                                        \n zoneRef = 5
                                        \n lisoRef = 6
                                        \n epkzRef = 7
                                        "
   !outputColumnWidth                   = 25
    outputRealPrecision                 = 17
   !outputDelimiter                     = ","
    outputFileName                      = "./out/ParaDRAM_run_20200625_032031_524"
    sampleSize                          = 5000
    randomSeed                          = 3597,
    chainFileFormat                     = "compact"
   !domainLowerLimitVec                 = 16*-1.e300
   !domainUpperLimitVec                 = 16*1.e300
    parallelizationModel                = "single chain"
   !targetAcceptanceRate                = 0.15e0
    progressReportPeriod                = 1000
    maxNumDomainCheckToWarn             = 100
    maxNumDomainCheckToStop             = 1000
    inputFileHasPriority                = false
    restartFileFormat                   = "binary"
    silentModeRequested                 = false
    mpiFinalizeRequested                = true
    variableNameList                    = avgLogLiso
                                        , avgLogEpkz
                                        , avgLogEiso
                                        , avgLogT90z
                                        , logStdLogLiso
                                        , logStdLogEpkz
                                        , logStdLogEiso
                                        , logStdLogT90z
                                        , atanhCorLisoEpkz
                                        , atanhCorLisoEiso
                                        , atanhCorLisoT90z
                                        , atanhCorEpkzEiso
                                        , atanhCorEpkzT90z
                                        , atanhCorEisoT90z
                                        , avgLogThresh
                                        , logStdLogThresh

    ! MCMC

    chainSize                           = 10000
    sampleRefinementCount               = 10
    sampleRefinementMethod              = "BatchMeans"
    randomStartPointDomainLowerLimitVec = 16*-1.e300
    randomStartPointDomainUpperLimitVec = 16*+1.e300
    randomStartPointRequested           = false

    startPointVec = 

     0.11821040881125830E+03
     0.66065964456507071E+01
     0.11596912551151972E+03
    -0.16859228444472731E+01
     0.40195170637396743E+00
    -0.60643753833791100E-01
     0.65848134748058085E+00
     0.45639627472061683E+00
     0.55838170950195931E+00
     0.11545629092900624E+01
     0.19738982258811974E+00
     0.64500793493002739E+00
     0.57593185459363649E-01
     0.65957114705126973E+00
    -0.61427798476883932E+00
    -0.11167362536400209E+01


    ! DRAM

    scaleFactor                         = "0.25*gelman",
    proposalModel                       = "normal"
    adaptiveUpdateCount                 = 2000000000
   !adaptiveUpdatePeriod                = 35
    greedyAdaptationCount               = 0
   !delayedRejectionCount               = 5
   !delayedRejectionScaleFactorVec      = 5*1.
   !burninAdaptationMeasure             = 1.

    proposalStartStdVec = 

    0.81690572299633535E+00
    0.14138484788354666E+00
    0.94137028712911452E+00
    0.48184438333503132E+00
    0.14268337422616811E+00
    0.41316392002610468E-01
    0.12197912475890418E+00
    0.76602784425085266E-01
    0.79711701190068457E-01
    0.13812755255488168E+00
    0.13577334742046301E+00
    0.77970214593538173E-01
    0.66629292715853966E-01
    0.10642755310807857E+00
    0.11204873554170305E+00
    0.12796666409917992E+00

    proposalStartCorMat = 
    
     0.10000000000000000E+01   0.71726011154544145E+00   0.98855462486992496E+00   0.88017222302190334E+00  -0.95861138395183132E+00  -0.34394536858584046E+00  -0.92044288138033659E+00  -0.49908849812426787E+00   0.25891993399347818E+00  -0.90995010433649448E+00  -0.81436723232877872E+00   0.27328875912056733E+00  -0.40390908332663505E+00  -0.64028777450752028E+00  -0.84118452502206398E+00  -0.54169708076169454E+00
     0.71726011154544145E+00   0.10000000000000000E+01   0.74102873037886963E+00   0.61133010993230863E+00  -0.73145641260010830E+00  -0.55379553166822515E+00  -0.75548293949322654E+00  -0.39342146680517087E+00  -0.39804605897944645E+00  -0.72176082871518943E+00  -0.56136352630357955E+00  -0.34596758145550865E+00  -0.60743528753271914E+00  -0.41480888811232786E+00  -0.65157030747513045E+00  -0.46802047730361440E+00
     0.98855462486992496E+00   0.74102873037886963E+00   0.10000000000000000E+01   0.93148272744234051E+00  -0.93881791372570822E+00  -0.36325214987627114E+00  -0.94411804210858608E+00  -0.58114984502383138E+00   0.22080524591749823E+00  -0.91586040142580982E+00  -0.85524568897130915E+00   0.26340299712014836E+00  -0.44406193838988717E+00  -0.70846349530861508E+00  -0.83761785930871524E+00  -0.54266425737119561E+00
     0.88017222302190334E+00   0.61133010993230863E+00   0.93148272744234051E+00   0.10000000000000000E+01  -0.79964454894276882E+00  -0.30228120082824855E+00  -0.88183229244363026E+00  -0.74362981409730255E+00   0.25676149919650498E+00  -0.81893993438722945E+00  -0.89825076825465922E+00   0.33466932657825171E+00  -0.42982170613986104E+00  -0.83773692853256720E+00  -0.76110187431865117E+00  -0.47989705809403882E+00
    -0.95861138395183132E+00  -0.73145641260010830E+00  -0.93881791372570822E+00  -0.79964454894276882E+00   0.10000000000000000E+01   0.38406642736943841E+00   0.93513325658040924E+00   0.45137319341279164E+00  -0.16158547860799180E+00   0.92989364098398741E+00   0.77500100706180575E+00  -0.17448234075161839E+00   0.43029093305557858E+00   0.57388799932314072E+00   0.78787605494117363E+00   0.47901206179618244E+00
    -0.34394536858584046E+00  -0.55379553166822515E+00  -0.36325214987627114E+00  -0.30228120082824855E+00   0.38406642736943841E+00   0.10000000000000000E+01   0.43194537758413715E+00   0.22352616843908257E+00   0.40013548681192673E+00   0.39007831613402694E+00   0.26929913181912757E+00   0.39992404055687969E+00   0.34863066666979325E+00   0.16256075904844078E+00   0.37793165230349024E+00   0.31776393418921145E+00
    -0.92044288138033659E+00  -0.75548293949322654E+00  -0.94411804210858608E+00  -0.88183229244363026E+00   0.93513325658040924E+00   0.43194537758413715E+00   0.10000000000000000E+01   0.62877440477120206E+00  -0.91195335676720904E-01   0.93794430543970142E+00   0.89535761402110148E+00  -0.14824752557244780E+00   0.57442459453661776E+00   0.76877510071647048E+00   0.76580916285733924E+00   0.47174903601258439E+00
    -0.49908849812426787E+00  -0.39342146680517087E+00  -0.58114984502383138E+00  -0.74362981409730255E+00   0.45137319341279164E+00   0.22352616843908257E+00   0.62877440477120206E+00   0.10000000000000000E+01  -0.11622915674750622E+00   0.42473945361307713E+00   0.63119507238279837E+00  -0.27346955993183975E+00   0.31930045880045099E+00   0.76495169878908265E+00   0.46117570242709427E+00   0.24703727710380022E+00
     0.25891993399347818E+00  -0.39804605897944645E+00   0.22080524591749823E+00   0.25676149919650498E+00  -0.16158547860799180E+00   0.40013548681192673E+00  -0.91195335676720904E-01  -0.11622915674750622E+00   0.10000000000000000E+01  -0.10405277190394537E+00  -0.24844521880133846E+00   0.89733823122340495E+00   0.28674313391183720E+00  -0.26133373916033936E+00  -0.19587560330332029E+00  -0.44497155443610138E-01
    -0.90995010433649448E+00  -0.72176082871518943E+00  -0.91586040142580982E+00  -0.81893993438722945E+00   0.92989364098398741E+00   0.39007831613402694E+00   0.93794430543970142E+00   0.42473945361307713E+00  -0.10405277190394537E+00   0.10000000000000000E+01   0.86836643323405216E+00  -0.14907412030953840E+00   0.49271235886025705E+00   0.64159760635297913E+00   0.74465336017339312E+00   0.46176259247668511E+00
    -0.81436723232877872E+00  -0.56136352630357955E+00  -0.85524568897130915E+00  -0.89825076825465922E+00   0.77500100706180575E+00   0.26929913181912757E+00   0.89535761402110148E+00   0.63119507238279837E+00  -0.24844521880133846E+00   0.86836643323405216E+00   0.10000000000000000E+01  -0.29054739192911544E+00   0.58592994930815645E+00   0.92130244505269332E+00   0.69187144459057448E+00   0.40527328385756006E+00
     0.27328875912056733E+00  -0.34596758145550865E+00   0.26340299712014836E+00   0.33466932657825171E+00  -0.17448234075161839E+00   0.39992404055687969E+00  -0.14824752557244780E+00  -0.27346955993183975E+00   0.89733823122340495E+00  -0.14907412030953840E+00  -0.29054739192911544E+00   0.10000000000000000E+01   0.42737901949402185E+00  -0.32921653849466725E+00  -0.20500457442918965E+00  -0.18253101662865343E-01
    -0.40390908332663505E+00  -0.60743528753271914E+00  -0.44406193838988717E+00  -0.42982170613986104E+00   0.43029093305557858E+00   0.34863066666979325E+00   0.57442459453661776E+00   0.31930045880045099E+00   0.28674313391183720E+00   0.49271235886025705E+00   0.58592994930815645E+00   0.42737901949402185E+00   0.10000000000000000E+01   0.58935883007513379E+00   0.35543539145848452E+00   0.25199024276965604E+00
    -0.64028777450752028E+00  -0.41480888811232786E+00  -0.70846349530861508E+00  -0.83773692853256720E+00   0.57388799932314072E+00   0.16256075904844078E+00   0.76877510071647048E+00   0.76495169878908265E+00  -0.26133373916033936E+00   0.64159760635297913E+00   0.92130244505269332E+00  -0.32921653849466725E+00   0.58935883007513379E+00   0.10000000000000000E+01   0.54862433419584256E+00   0.30414152238134240E+00
    -0.84118452502206398E+00  -0.65157030747513045E+00  -0.83761785930871524E+00  -0.76110187431865117E+00   0.78787605494117363E+00   0.37793165230349024E+00   0.76580916285733924E+00   0.46117570242709427E+00  -0.19587560330332029E+00   0.74465336017339312E+00   0.69187144459057448E+00  -0.20500457442918965E+00   0.35543539145848452E+00   0.54862433419584256E+00   0.10000000000000000E+01   0.72667302208883722E+00
    -0.54169708076169454E+00  -0.46802047730361440E+00  -0.54266425737119561E+00  -0.47989705809403882E+00   0.47901206179618244E+00   0.31776393418921145E+00   0.47174903601258439E+00   0.24703727710380022E+00  -0.44497155443610138E-01   0.46176259247668511E+00   0.40527328385756006E+00  -0.18253101662865343E-01   0.25199024276965604E+00   0.30414152238134240E+00   0.72667302208883722E+00   0.10000000000000000E+01

/