! assuming SFR B10 (of Butler and Bloom 2010)
&InputData

    ngrb = 565
    inputBatseDataFile  = "batseDataSGRB565.in"
    outputBatseDataFile = "batseDataSGRB565.out"
    
    zoneMin  = 1.9e0
    zoneMax  = 2.1e0
    zoneTolGRB = 1.e-4
    zoneTol  = 1.e-4
    durzTol  = 5.e-5
    lisoTol  = 8.e-6
    epkzTol  = 1.e-6
    zoneRefGRB = 4
    zoneRef = 4 
    durzRef = 6
    lisoRef = 6     
    epkzRef = 7
    
    
    
    

/

&ParaDRAM

    ! Base

    description                         = "ParaDRAM sampling of the LGRB world model of BATSE 1366 LGRBs,\nwith redshift Kfactor corrections to the T90 durations
    \n zoneMin  = 1.9e0
    \n zoneMax  = 2.1e0
    \n zoneTolGRB = 1.e-4
    \n zoneTol  = 1.e-4
    \n durzTol  = 5.e-5
    \n lisoTol  = 8.e-6
    \n epkzTol  = 1.e-6
    \n zoneRefGRB = 4
    \n zoneRef = 4 
    \n durzRef = 6
    \n lisoRef = 6     
    \n epkzRef = 7
                                        "
   !outputColumnWidth                   = 25
    outputRealPrecision                 = 17
   !outputDelimiter                     = ","
    outputFileName                      = "./out/"
    sampleSize                          = 5000
    randomSeed                          = 3597,
    chainFileFormat                     = "compact"
   !domainLowerLimitVec                 = 16*-1.e300
   !domainUpperLimitVec                 = 16*1.e300
    parallelizationModel                = "single chain"
   !targetAcceptanceRate                = 0.15e0
    progressReportPeriod                = 1000
    maxNumDomainCheckToWarn             = 100
    maxNumDomainCheckToStop             = 1000
    inputFileHasPriority                = false
    restartFileFormat                   = "binary"
    silentModeRequested                 = false
    mpiFinalizeRequested                = true
    variableNameList                    = "avgLogLiso", "avgLogEpkz", "avgLogEiso", "avgLogT90z", "logStdLogLiso", "logStdLogEpkz", "logStdLogEiso", "logStdLogT90z", "atanhCorLisoEpkz", "atanhCorLisoEiso", "atanhCorLisoT90z", "atanhCorEpkzEiso", "atanhCorEpkzT90z", "atanhCorEisoT90z", "avgLogThresh", "logStdLogThresh"

    ! MCMC

    chainSize                           = 20000
    sampleRefinementCount               = 10
    sampleRefinementMethod              = "BatchMeans"
    randomStartPointDomainLowerLimitVec = 16*-1.e300
    randomStartPointDomainUpperLimitVec = 16*+1.e300
    randomStartPointRequested           = false

    startPointVec = 
     0.11861505667970839E+03
     0.66419537138462736E+01
     0.11641865618381868E+03
    -0.14843746978038641E+01
     0.33778147599851516E+00
    -0.59994850592965145E-01
     0.61076628463297489E+00
     0.44160169536402627E+00
     0.58481416184011803E+00
     0.11022061502103597E+01
     0.15048576977253073E+00
     0.66670083919781231E+00
     0.49340364290078730E-01
     0.63073693342705128E+00
    -0.66949380512335777E+00
    -0.11860998457946250E+01

    proposalStartStdVec = 

    0.50257992662032291E+00
    0.11179480662091562E+00
    0.58184977329995036E+00
    0.30814635834665233E+00
    0.10676726355647224E+00
    0.40571053256271195E-01
    0.91519269623348415E-01
    0.66025626147209623E-01
    0.76629096538219393E-01
    0.10795423799846142E+00
    0.10668802086880441E+00
    0.73696668015642383E-01
    0.64117688001003495E-01
    0.86538361531522529E-01
    0.91516742554495975E-01
    0.14373764559180663E+00

    proposalStartCorMat = 
    
     0.10000000000000000E+01   0.70395156321117969E+00   0.98359925029757667E+00   0.85011530629186904E+00  -0.93328044622885520E+00  -0.35854590567512651E+00  -0.84750951368252792E+00  -0.45557774781678040E+00   0.98057512961107443E-01  -0.82635772808370489E+00  -0.68630565273685551E+00   0.83460476437808490E-01  -0.29465126222075161E+00  -0.45250682945244303E+00  -0.78255592087317993E+00  -0.40725928961051711E+00
     0.70395156321117969E+00   0.10000000000000000E+01   0.73506941008403326E+00   0.56971325824158181E+00  -0.73740563537986270E+00  -0.54301889652039870E+00  -0.76018340654997163E+00  -0.31736944126661359E+00  -0.52307079803195067E+00  -0.72858399294133758E+00  -0.51686839280129948E+00  -0.49534708354294649E+00  -0.53762877217025706E+00  -0.32069268251368066E+00  -0.48478506855214082E+00  -0.21451746538974772E+00
     0.98359925029757667E+00   0.73506941008403326E+00   0.10000000000000000E+01   0.91082724517288238E+00  -0.91592275525454614E+00  -0.37915958091449309E+00  -0.89760414045691672E+00  -0.53014902755210913E+00   0.42474659049448651E-01  -0.85302811450282734E+00  -0.75251814193450028E+00   0.64611150257724043E-01  -0.34958811708669030E+00  -0.54427809910891911E+00  -0.75809782283143434E+00  -0.38096139583438798E+00
     0.85011530629186904E+00   0.56971325824158181E+00   0.91082724517288238E+00   0.10000000000000000E+01  -0.75347293537869653E+00  -0.29269284054891859E+00  -0.83593782023172036E+00  -0.68594843747997891E+00   0.10320890753062935E+00  -0.75371666800917070E+00  -0.84873090766531578E+00   0.17622072764737343E+00  -0.34764959209078639E+00  -0.73873699884220634E+00  -0.64947998804862939E+00  -0.30367107111421615E+00
    -0.93328044622885520E+00  -0.73740563537986270E+00  -0.91592275525454614E+00  -0.75347293537869653E+00   0.10000000000000000E+01   0.44909310470249680E+00   0.88772408121704482E+00   0.40774108382418006E+00   0.44470380019533913E-01   0.87708151283160962E+00   0.64618574715991262E+00   0.55141758429273241E-01   0.32622057965323870E+00   0.37146566418387289E+00   0.69247397528093657E+00   0.33145689773222770E+00
    -0.35854590567512651E+00  -0.54301889652039870E+00  -0.37915958091449309E+00  -0.29269284054891859E+00   0.44909310470249680E+00   0.10000000000000000E+01   0.48896675415878843E+00   0.15520596745894208E+00   0.45502293168722979E+00   0.46812070930948435E+00   0.26521252975208887E+00   0.46166582677134393E+00   0.25209816056277456E+00   0.88901599269477286E-01   0.27245432361152738E+00   0.12631736064586846E+00
    -0.84750951368252792E+00  -0.76018340654997163E+00  -0.89760414045691672E+00  -0.83593782023172036E+00   0.88772408121704482E+00   0.48896675415878843E+00   0.10000000000000000E+01   0.60331770594928280E+00   0.16687660048632644E+00   0.89114972589034691E+00   0.82304769663178223E+00   0.11981230655207808E+00   0.52362506346734505E+00   0.64909026364130817E+00   0.60084971390183706E+00   0.25668846626117625E+00
    -0.45557774781678040E+00  -0.31736944126661359E+00  -0.53014902755210913E+00  -0.68594843747997891E+00   0.40774108382418006E+00   0.15520596745894208E+00   0.60331770594928280E+00   0.10000000000000000E+01  -0.47312530644145694E-01   0.32215806936366348E+00   0.57475773344556802E+00  -0.20210239543684347E+00   0.25411530992729303E+00   0.72448132773365570E+00   0.33014875862682763E+00   0.12457662205649037E+00
     0.98057512961107443E-01  -0.52307079803195067E+00   0.42474659049448651E-01   0.10320890753062935E+00   0.44470380019533913E-01   0.45502293168722979E+00   0.16687660048632644E+00  -0.47312530644145694E-01   0.10000000000000000E+01   0.16608773608726868E+00  -0.34824288885407124E-01   0.85371270174547065E+00   0.35374967343963126E+00  -0.84198813158270561E-01  -0.16949651302289595E+00  -0.13318082847618407E+00
    -0.82635772808370489E+00  -0.72858399294133758E+00  -0.85302811450282734E+00  -0.75371666800917070E+00   0.87708151283160962E+00   0.46812070930948435E+00   0.89114972589034691E+00   0.32215806936366348E+00   0.16608773608726868E+00   0.10000000000000000E+01   0.79493712613860368E+00   0.12354243349754945E+00   0.40805479081194101E+00   0.46294229263318087E+00   0.59085020244126718E+00   0.25291684743861365E+00
    -0.68630565273685551E+00  -0.51686839280129948E+00  -0.75251814193450028E+00  -0.84873090766531578E+00   0.64618574715991262E+00   0.26521252975208887E+00   0.82304769663178223E+00   0.57475773344556802E+00  -0.34824288885407124E-01   0.79493712613860368E+00   0.10000000000000000E+01  -0.74257645237605516E-01   0.54444624113224283E+00   0.87984939589321443E+00   0.48843336344735611E+00   0.19471614392739608E+00
     0.83460476437808490E-01  -0.49534708354294649E+00   0.64611150257724043E-01   0.17622072764737343E+00   0.55141758429273241E-01   0.46166582677134393E+00   0.11981230655207808E+00  -0.20210239543684347E+00   0.85371270174547065E+00   0.12354243349754945E+00  -0.74257645237605516E-01   0.10000000000000000E+01   0.56348027308919901E+00  -0.15630182322645658E+00  -0.13527260409252492E+00  -0.85114366032891992E-01
    -0.29465126222075161E+00  -0.53762877217025706E+00  -0.34958811708669030E+00  -0.34764959209078639E+00   0.32622057965323870E+00   0.25209816056277456E+00   0.52362506346734505E+00   0.25411530992729303E+00   0.35374967343963126E+00   0.40805479081194101E+00   0.54444624113224283E+00   0.56348027308919901E+00   0.10000000000000000E+01   0.56417561006963191E+00   0.15164101985681439E+00   0.48243615400823135E-01
    -0.45250682945244303E+00  -0.32069268251368066E+00  -0.54427809910891911E+00  -0.73873699884220634E+00   0.37146566418387289E+00   0.88901599269477286E-01   0.64909026364130817E+00   0.72448132773365570E+00  -0.84198813158270561E-01   0.46294229263318087E+00   0.87984939589321443E+00  -0.15630182322645658E+00   0.56417561006963191E+00   0.10000000000000000E+01   0.29932645486761666E+00   0.96166959046613751E-01
    -0.78255592087317993E+00  -0.48478506855214082E+00  -0.75809782283143434E+00  -0.64947998804862939E+00   0.69247397528093657E+00   0.27245432361152738E+00   0.60084971390183706E+00   0.33014875862682763E+00  -0.16949651302289595E+00   0.59085020244126718E+00   0.48843336344735611E+00  -0.13527260409252492E+00   0.15164101985681439E+00   0.29932645486761666E+00   0.10000000000000000E+01   0.68581109317629618E+00
    -0.40725928961051711E+00  -0.21451746538974772E+00  -0.38096139583438798E+00  -0.30367107111421615E+00   0.33145689773222770E+00   0.12631736064586846E+00   0.25668846626117625E+00   0.12457662205649037E+00  -0.13318082847618407E+00   0.25291684743861365E+00   0.19471614392739608E+00  -0.85114366032891992E-01   0.48243615400823135E-01   0.96166959046613751E-01   0.68581109317629618E+00   0.10000000000000000E+01


    ! DRAM

    scaleFactor                         = "0.2*gelman",
    proposalModel                       = "normal"
    adaptiveUpdateCount                 = 2000000000
   !adaptiveUpdatePeriod                = 35
    greedyAdaptationCount               = 0
   !delayedRejectionCount               = 5
   !delayedRejectionScaleFactorVec      = 5*1.
   !burninAdaptationMeasure             = 1.

/

