! assuming SFR B10 (of Butler and Bloom 2010)
&InputData

    ngrb = 565
    inputBatseDataFile  = "batseDataSGRB565.in"
    outputBatseDataFile = "batseDataSGRB565.out"

    zoneMin  = 1.5e0
    zoneMax  = 6.0e0
    zoneTol  = 5.e-4
    durzTol  = 1.e-4
    lisoTol  = 5.e-5
    epkzTol  = 1.e-5
    zoneRef = 5
    durzRef = 5
    lisoRef = 6
    epkzRef = 6

/

&ParaDRAM

    ! Base

    description                         = "ParaDRAM sampling of the LGRB world model of BATSE 1366 LGRBs,\nwith redshift Kfactor corrections to the T90 durations
                                        \n zoneMin  = 1.1e0
                                        \n zoneMax  = 2.1e1
                                        \n zoneTol  = 5.e-5
                                        \n lisoTol  = 5.e-6
                                        \n epkzTol  = 1.e-7
                                        \n zoneRef = 5
                                        \n lisoRef = 6
                                        \n epkzRef = 7
                                        "
   !outputColumnWidth                   = 25
    outputRealPrecision                 = 17
   !outputDelimiter                     = ","
    outputFileName                      = "./out/"
    sampleSize                          = 5000
    randomSeed                          = 3597,
    chainFileFormat                     = "compact"
   !domainLowerLimitVec                 = 16*-1.e300
   !domainUpperLimitVec                 = 16*1.e300
    parallelizationModel                = "single chain"
   !targetAcceptanceRate                = 0.15e0
    progressReportPeriod                = 1000
    maxNumDomainCheckToWarn             = 100
    maxNumDomainCheckToStop             = 1000
    inputFileHasPriority                = false
    restartFileFormat                   = "binary"
    silentModeRequested                 = false
    mpiFinalizeRequested                = true
    variableNameList                    = avgLogLiso
                                        , avgLogEpkz
                                        , avgLogEiso
                                        , avgLogT90z
                                        , logStdLogLiso
                                        , logStdLogEpkz
                                        , logStdLogEiso
                                        , logStdLogT90z
                                        , atanhCorLisoEpkz
                                        , atanhCorLisoEiso
                                        , atanhCorLisoT90z
                                        , atanhCorEpkzEiso
                                        , atanhCorEpkzT90z
                                        , atanhCorEisoT90z
                                        , avgLogThresh
                                        , logStdLogThresh

    ! MCMC

    chainSize                           = 5000
    sampleRefinementCount               = 10
    sampleRefinementMethod              = "BatchMeans"
    randomStartPointDomainLowerLimitVec = 16*-1.e300
    randomStartPointDomainUpperLimitVec = 16*+1.e300
    randomStartPointRequested           = false

    ! DRAM

    scaleFactor                         = "0.25*gelman",
    proposalModel                       = "normal"
    adaptiveUpdateCount                 = 2000000000
   !adaptiveUpdatePeriod                = 35
    greedyAdaptationCount               = 0
   !delayedRejectionCount               = 5
   !delayedRejectionScaleFactorVec      = 5*1.
   !burninAdaptationMeasure             = 1.

    startPointVec = 

     0.11843874233077801E+03
     0.66085233541632000E+01
     0.11621816641897047E+03
    -0.16040539590650855E+01
     0.37037486548040649E+00
    -0.57217342477005932E-01
     0.63382308468048665E+00
     0.45942978694380282E+00
     0.58506006999637161E+00
     0.11268721396275401E+01
     0.17752540147291529E+00
     0.67309879221673963E+00
     0.60421185390048468E-01
     0.64566096853646315E+00
    -0.64136209721827020E+00
    -0.11539195126824753E+01

    proposalStartCovMat = 

     0.36908214329192829E+00   0.65835011094869320E-01   0.42828690648369755E+00   0.22657667260853229E+00  -0.66910950311286119E-01  -0.10694881621800876E-01  -0.56178050538778945E-01  -0.28081937133149906E-01  -0.27463232294124033E-02  -0.62341885700336733E-01  -0.59846254308368547E-01  -0.38566136612962192E-02  -0.19954338158916653E-01  -0.37637841667144255E-01  -0.45747411444710402E-01  -0.34706927377465176E-01
     0.65835011094869320E-01   0.19241323043523755E-01   0.77282291124997710E-01   0.37118417679611541E-01  -0.12841014879594633E-01  -0.32853798547004954E-02  -0.11042667528579476E-01  -0.45324071397678731E-02  -0.61830911708382775E-02  -0.12309804394032040E-01  -0.10252188507946840E-01  -0.62009156615568072E-02  -0.61555518976119245E-02  -0.59218861634216706E-02  -0.79740123591675559E-02  -0.64382117806818968E-02/
     0.42828690648369755E+00   0.77282291124997710E-01   0.50856818318306340E+00   0.27769254388828540E+00  -0.77163519063504521E-01  -0.12733436135892468E-01  -0.68360714881774143E-01  -0.36226778306040659E-01  -0.41011058707396079E-02  -0.74202278081679313E-01  -0.74153184875043895E-01  -0.39518307439985459E-02  -0.24770274991400401E-01  -0.48949731670858559E-01  -0.53055384984625170E-01  -0.40022976142596790E-01
     0.22657667260853229E+00   0.37118417679611541E-01   0.27769254388828540E+00   0.17245201164232704E+00  -0.39131246364105768E-01  -0.57848979035389761E-02  -0.37593792207657975E-01  -0.25027541561662744E-01   0.44650696289933974E-03  -0.39218845002687637E-01  -0.46633461789231917E-01   0.11447526917083037E-02  -0.13896029806788892E-01  -0.34034683462612604E-01  -0.28058553390991101E-01  -0.20797103434451129E-01
    -0.66910950311286119E-01  -0.12841014879594633E-01  -0.77163519063504521E-01  -0.39131246364105768E-01   0.13624158805972645E-01   0.23160568581623285E-02   0.11110035524043372E-01   0.49146596594343717E-02   0.15184124105046002E-02   0.12447834790224599E-01   0.10817274358944756E-01   0.16066255989465000E-02   0.39295020005547686E-02   0.63210605520169919E-02   0.78942822702765640E-02   0.54812437589858666E-02
    -0.10694881621800876E-01  -0.32853798547004954E-02  -0.12733436135892468E-01  -0.57848979035389761E-02   0.23160568581623285E-02   0.16155421506792681E-02   0.21628386148464648E-02   0.73499340081490457E-03   0.14820778713172038E-02   0.23105559016832265E-02   0.16484400139196633E-02   0.14669985906478713E-02   0.10150882150535669E-02   0.81577392275483304E-03   0.13499155754124446E-02   0.10652407572919588E-02
    -0.56178050538778945E-01  -0.11042667528579476E-01  -0.68360714881774143E-01  -0.37593792207657975E-01   0.11110035524043372E-01   0.21628386148464648E-02   0.10797367034055391E-01   0.56438995439177788E-02   0.16839905219744023E-02   0.11065580925960262E-01   0.11271272532234106E-01   0.14385879393277469E-02   0.44768171151918787E-02   0.78227550974761303E-02   0.65824063904625146E-02   0.45071839440736670E-02
    -0.28081937133149906E-01  -0.45324071397678731E-02  -0.36226778306040659E-01  -0.25027541561662744E-01   0.49146596594343717E-02   0.73499340081490457E-03   0.56438995439177788E-02   0.59314494397166660E-02   0.98778121765142869E-05   0.42759000066781329E-02   0.66593091737375959E-02  -0.59946837547208195E-03   0.20142128267174224E-02   0.61181485530543362E-02   0.33857778106060293E-02   0.22706108658538489E-02
    -0.27463232294124033E-02  -0.61830911708382775E-02  -0.41011058707396079E-02   0.44650696289933974E-03   0.15184124105046002E-02   0.14820778713172038E-02   0.16839905219744023E-02   0.98778121765142869E-05   0.60243343536636887E-02   0.19708974625096110E-02   0.18035489251791599E-03   0.52613395290658366E-02   0.22015397400171081E-02  -0.42760249915480220E-03   0.21637002381082862E-03   0.39051697179590838E-03
    -0.62341885700336733E-01  -0.12309804394032040E-01  -0.74202278081679313E-01  -0.39218845002687637E-01   0.12447834790224599E-01   0.23105559016832265E-02   0.11065580925960262E-01   0.42759000066781329E-02   0.19708974625096110E-02   0.13700973669196818E-01   0.12297944416611889E-01   0.17077446199278796E-02   0.42835069408638802E-02   0.70422687825109987E-02   0.73659230570097493E-02   0.52377633974457841E-02
    -0.59846254308368547E-01  -0.10252188507946840E-01  -0.74153184875043895E-01  -0.46633461789231917E-01   0.10817274358944756E-01   0.16484400139196633E-02   0.11271272532234106E-01   0.66593091737375959E-02   0.18035489251791599E-03   0.12297944416611889E-01   0.15546539470624917E-01   0.16582008226275957E-03   0.54471967846070352E-02   0.11399308116061747E-01   0.70390531652991840E-02   0.49140781291145009E-02
    -0.38566136612962192E-02  -0.62009156615568072E-02  -0.39518307439985459E-02   0.11447526917083037E-02   0.16066255989465000E-02   0.14669985906478713E-02   0.14385879393277469E-02  -0.59946837547208195E-03   0.52613395290658366E-02   0.17077446199278796E-02   0.16582008226275957E-03   0.60086114527129189E-02   0.32166581264982379E-02  -0.61968951049357188E-03   0.31168860148771203E-03   0.45980116882535563E-03
    -0.19954338158916653E-01  -0.61555518976119245E-02  -0.24770274991400401E-01  -0.13896029806788892E-01   0.39295020005547686E-02   0.10150882150535669E-02   0.44768171151918787E-02   0.20142128267174224E-02   0.22015397400171081E-02   0.42835069408638802E-02   0.54471967846070352E-02   0.32166581264982379E-02   0.48647663569575368E-02   0.43231315957277805E-02   0.20758560143941604E-02   0.13983341830695736E-02
    -0.37637841667144255E-01  -0.59218861634216706E-02  -0.48949731670858559E-01  -0.34034683462612604E-01   0.63210605520169919E-02   0.81577392275483304E-03   0.78227550974761303E-02   0.61181485530543362E-02  -0.42760249915480220E-03   0.70422687825109987E-02   0.11399308116061747E-01  -0.61968951049357188E-03   0.43231315957277805E-02   0.98930964095721614E-02   0.42868694797544241E-02   0.28766425036177300E-02
    -0.45747411444710402E-01  -0.79740123591675559E-02  -0.53055384984625170E-01  -0.28058553390991101E-01   0.78942822702765640E-02   0.13499155754124446E-02   0.65824063904625146E-02   0.33857778106060293E-02   0.21637002381082862E-03   0.73659230570097493E-02   0.70390531652991840E-02   0.31168860148771203E-03   0.20758560143941604E-02   0.42868694797544241E-02   0.92131241078905537E-02   0.92227948233127108E-02
    -0.34706927377465176E-01  -0.64382117806818968E-02  -0.40022976142596790E-01  -0.20797103434451129E-01   0.54812437589858666E-02   0.10652407572919588E-02   0.45071839440736670E-02   0.22706108658538489E-02   0.39051697179590838E-03   0.52377633974457841E-02   0.49140781291145009E-02   0.45980116882535563E-03   0.13983341830695736E-02   0.28766425036177300E-02   0.92227948233127108E-02   0.17837968428467729E-01